10022
10028
10029
10030
10031
10032
10048
10049
10050
10051
10052
10055
10056
10057
10058
10059
10060
10061
10062
10063
10064
10065
10066
10067
10068
10069
10070
10071
10072
10074
10075
10076
10077
10078
10079
10080
10081
10083
10084
10085
10087
10089
10090
10091
10092
10093
10102
10105
10111
10112
10113
10114
10115
10116
10117
10118
10119
10120
10121
10122
10123
10124
10125
10127
10128
10129
10130
10131
10134
10135
10136
10137
10138
10148
10149
10159
10161
10164
10166
10167
10169
10170
10171
10185
10186
10187
10188
10189
10190
10215
10216
10235
10240
10241
10242
10257
10260
10261
10263
10265
10266
10267
10268
10269
10270
10271
10274
10275
10276
10277
10279
10280
10281
10282
10283
10285
10286
10287
10289
10290
10297
10298
10299
10302
10303
10304
10305
10306
10307
10310
10313
10314
10315
10316
10317
10318
10319
10320
10321
10322
10323
10324
10326
10327
10328
10330
10359
10360
10361
10362
10363
10364
10365
10366
10369
10370
10375
10376
10377
10379
10380
10381
10382
10383
10385
10387
10388
10389
10394
10395
10396
10397
10398
10400
10401
10407
10408
10409
10410
10416
10417
10418
10419
10420
10421
10423
10424
10425
10426
10427
10428
10429
10430
10431
10432
10433
10434
10439
10442
10445
10446
10448
10463
10464
10465
10479
10480
10484
10485
10486
10487
10491
10492
10495
10496
10498
10499
10502
10503
10505
10508
10509
10512
10514
10515
10516
10517
10518
10519
10520
10521
10522
10523
10524
10525
10526
10529
10530
10531
10532
10536
10539
10541
10543
10544
10545
10547
10548
10549
10550
10551
10552
10563
10564
10565
10569
10570
10571
10572
10573
10575
10576
10577
10579
10582
10608
10609
10610
10611
10612
10613
10614
10615
10616
10617
10618
10619
10620
10622
10623
10624
10625
10626
10627
10628
10630
10637
10638
10639
10642
10643
10644
10647
10648
10649
10650
10651
10653
10654
10655
10656
10657
10658
10659
10660
10666
10667
10668
10669
10670
10674
10675
10676
10677
10678
10679
10680
10681
10683
10684
10687
10688
10689
10690
10691
10692
10697
10698
10699
10702
10703
10704
10709
10710
10711
10712
10713
10714
10719
10720
10721
10722
10724
10727
10729
10731
10735
10736
10737
10738
10739
10740